# interleaved A/B reports vs HEAD (= v1) — the B columns are the v1 baselines
# medians of rounds; decision metric ins/op (= cyc/op x IPC). 2026-08-04, zen+ box

## definitive 7-round gate (phases 2-6, pre lazy-bounds/inline-pin fixes: number/pipeline/utf8/write/minify sections valid; parse section superseded below)
=== AB number_bench ===

op                           impl                    size |        cyc A        cyc B     dC% |        ins A        ins B     dI% | IPC A IPC B |  bmA%  bmB%
-------------------------------------------------------------------------------------------------------------------------------------------------------------
dtoa/0.0                     cjson                     24 |           12           15  -18.45 |           31           31   +0.04 |  2.49  2.03 |  0.00  0.00
dtoa/0.1                     cjson                     24 |          154          145   +5.86 |          359          359   -0.09 |  2.33  2.47 |  0.00  0.00
dtoa/1.0                     cjson                     24 |           23           23   +1.39 |           79           79   -0.15 |  3.36  3.41 |  0.00  0.00
dtoa/1.5e300                 cjson                     24 |          157          165   -5.00 |          406          406   +0.15 |  2.59  2.46 |  0.00  0.00
dtoa/1e-4                    cjson                     24 |          151          162   -6.75 |          384          383   +0.21 |  2.55  2.37 |  0.00  0.00
dtoa/1e-7                    cjson                     24 |          150          139   +8.02 |          362          362   +0.09 |  2.41  2.60 |  0.00  0.00
dtoa/21digit                 cjson                     24 |          137          138   -1.12 |          368          368   -0.02 |  2.69  2.66 |  0.00  0.00
dtoa/dblmax                  cjson                     24 |          142          143   -1.03 |          371          370   +0.09 |  2.61  2.59 |  0.00  0.00
dtoa/denorm                  cjson                     24 |           68           65   +4.05 |          195          195   +0.01 |  2.87  2.99 |  0.00  0.00
dtoa/pi                      cjson                     24 |          143          144   -1.07 |          386          386   -0.05 |  2.70  2.67 |  0.00  0.00
dtoa/random256               cjson                   6144 |        33777        34482   -2.04 |        81404        81385   +0.02 |  2.41  2.36 |  2.27  2.32
itoa/mixed1024               cjson                  10240 |        25136        24040   +4.56 |        73148        73082   +0.09 |  2.91  3.04 |  0.18  0.26
itoa/u1                      cjson                      1 |           12           13   -3.34 |           34           34   -0.05 |  2.79  2.70 |  0.00  0.00
itoa/u16                     cjson                     16 |           47           46   +1.26 |          124          124   -0.05 |  2.66  2.70 |  0.00  0.00
itoa/u2                      cjson                      2 |           13           13   +4.67 |           34           34   +0.03 |  2.57  2.69 |  0.00  0.00
itoa/u20                     cjson                     20 |           48           46   +4.45 |          134          134   +0.01 |  2.78  2.91 |  0.00  0.00
itoa/u4                      cjson                      4 |           17           18   -4.47 |           48           48   +0.12 |  2.84  2.72 |  0.00  0.00
itoa/u8                      cjson                      8 |           23           24   -5.33 |           73           73   +0.05 |  3.16  2.99 |  0.00  0.00
rn/bigint-halfway            cjson                     55 |         1258         1259   -0.07 |         3406         3303   +3.11 |  2.71  2.62 |  0.68  0.78
rn/exp+300                   cjson                      7 |           66           71   -6.98 |          296          289   +2.53 |  4.48  4.07 |  0.00  0.00
rn/exp-308                   cjson                     23 |           92           90   +2.68 |          367          357   +2.86 |  3.99  3.98 |  0.00  0.00
rn/frac-17                   cjson                     18 |           81           71  +13.93 |          305          286   +6.55 |  3.77  4.03 |  0.00  0.00
rn/frac-24                   cjson                     25 |          232          154  +50.81 |          614          577   +6.44 |  2.64  3.74 |  0.00  0.00
rn/frac-8                    cjson                     10 |          114           96  +18.71 |          407          373   +9.00 |  3.56  3.87 |  0.00  0.00
rn/frac-short                cjson                      7 |           66           69   -3.39 |          302          279   +8.29 |  4.55  4.06 |  0.00  0.00
rn/int-1                     cjson                      1 |           24           22   +9.56 |          104           87  +19.53 |  4.38  4.02 |  0.00  0.00
rn/int-12                    cjson                     12 |           50           62  -20.10 |          190          238  -20.23 |  3.83  3.84 |  0.00  0.00
rn/int-16                    cjson                     16 |           60           83  -27.68 |          221          294  -24.78 |  3.67  3.53 |  0.00  0.00
rn/int-19                    cjson                     19 |           76           98  -22.57 |          243          342  -28.97 |  3.20  3.48 |  0.00  0.00
rn/int-2                     cjson                      2 |           27           25  +11.11 |          108           98  +10.07 |  3.96  3.99 |  0.00  0.00
rn/int-20                    cjson                     20 |          134           91  +46.32 |          393          364   +7.94 |  2.94  3.98 |  0.00  0.00
rn/int-4                     cjson                      4 |           26           32  -18.49 |          128          126   +1.66 |  4.90  3.93 |  0.00  0.00
rn/int-8                     cjson                      8 |           37           45  -18.23 |          159          182  -12.71 |  4.34  4.07 |  0.00  0.00
rn/int-mixed1024             cjson                  11795 |        62373        99430  -37.27 |       179994       221299  -18.67 |  2.88  2.23 |  1.53  2.62
rn/leadzero                  cjson                     12 |           86           80   +7.56 |          351          325   +7.88 |  4.10  4.09 |  0.00  0.00

ab: A = working tree, B = HEAD worktree. negative dC%/dI% = A is faster/leaner.
=== AB pipeline_bench ===

op                           impl                    size |        cyc A        cyc B     dC% |        ins A        ins B     dI% | IPC A IPC B |  bmA%  bmB%
-------------------------------------------------------------------------------------------------------------------------------------------------------------
req->resp/cold               cjson                    189 |         1912         1961   -2.50 |         4693         4673   +0.43 |  2.45  2.38 |  0.11  0.10
req->resp/cold               cjson                    974 |         6260         6002   +4.29 |        15766        15116   +4.29 |  2.52  2.52 |  0.27  0.09
req->resp/cold               cjson                   4044 |        23518        20514  +14.65 |        58242        55207   +5.50 |  2.48  2.69 |  0.46  0.07
req->resp/cold               cjson                  16328 |        90211        78503  +14.91 |       224605       212743   +5.58 |  2.49  2.71 |  0.55  0.07
req->resp/dom                cjson                    189 |         2426         2270   +6.86 |         6137         5813   +5.57 |  2.53  2.56 |  0.17  0.00
req->resp/dom                cjson                    974 |         9509         8561  +11.07 |        27861        25173  +10.68 |  2.93  2.94 |  0.67  0.46
req->resp/dom                cjson                   4044 |        41157        30978  +32.86 |       111879        98688  +13.37 |  2.72  3.18 |  0.87  0.52
req->resp/dom                cjson                  16328 |       155195       128075  +21.18 |       441752       390681  +13.07 |  2.85  3.05 |  0.78  0.65
req->resp/hot                cjson                    189 |         2559         2527   +1.28 |         6161         6154   +0.11 |  2.41  2.43 |  0.25  0.15
req->resp/hot                cjson                    974 |         9782         9154   +6.87 |        24211        23564   +2.74 |  2.48  2.57 |  0.23  0.07
req->resp/hot                cjson                   4044 |        36342        33321   +9.07 |        93670        90634   +3.35 |  2.58  2.72 |  0.29  0.05
req->resp/hot                cjson                  16328 |       145878       131746  +10.73 |       366155       353036   +3.72 |  2.51  2.68 |  0.32  0.04

ab: A = working tree, B = HEAD worktree. negative dC%/dI% = A is faster/leaner.
=== AB utf8_bench ===

op                           impl                    size |        cyc A        cyc B     dC% |        ins A        ins B     dI% | IPC A IPC B |  bmA%  bmB%
-------------------------------------------------------------------------------------------------------------------------------------------------------------
utf8/validate                corpus-largefile    26141344 |      5489030      5335911   +2.87 |     12679660     12700451   -0.16 |  2.31  2.38 |  0.39  0.38
utf8/validate                corpus-twitter        631659 |       336011       358045   -6.15 |       913384       913185   +0.02 |  2.72  2.55 |  1.80  1.82
utf8/validate                synth-ascii          1048576 |       108542       108680   -0.13 |       458821       458765   +0.01 |  4.23  4.22 |  0.00  0.00
utf8/validate                synth-cjk            1048576 |      1202350      1462817  -17.81 |      5591506      5589103   +0.04 |  4.65  3.82 |  0.00  0.00
utf8/validate                synth-mixed          1048576 |      4342391      4129696   +5.15 |     16848477     16846545   +0.01 |  3.88  4.08 |  0.39  0.39
validate/utf8-off            cjson                 631659 |      1191121      1338621  -11.02 |      2734528      2727215   +0.27 |  2.30  2.04 |  2.63  2.60
validate/utf8-on             cjson                 631659 |      1405634      1715235  -18.05 |      3005539      3638075  -17.39 |  2.14  2.12 |  2.69  2.69

ab: A = working tree, B = HEAD worktree. negative dC%/dI% = A is faster/leaner.
=== AB write_bench ===

op                           impl                    size |        cyc A        cyc B     dC% |        ins A        ins B     dI% | IPC A IPC B |  bmA%  bmB%
-------------------------------------------------------------------------------------------------------------------------------------------------------------
write/bound-only             cjson                  57683 |           14        16618  -99.91 |           14        39630  -99.97 |  0.94  2.38 |  3.56  0.03
write/bound-only             cjson                 631659 |           20       236475  -99.99 |           14       465856 -100.00 |  0.71  1.97 |  6.67  1.06
write/bound-only             cjson                1026294 |           16       250004  -99.99 |           14       637016 -100.00 |  0.92  2.55 |  6.67  0.02
write/bound-only             cjson                5131466 |           20      1426495 -100.00 |           14      3187504 -100.00 |  0.72  2.23 |  6.67  0.01
write/into-reuse             cjson                  57683 |       146062       173710  -15.92 |       221891       284344  -21.96 |  1.52  1.64 |  0.75  0.48
write/into-reuse             cjson                 631659 |      1471641      1563167   -5.86 |      2284153      3107769  -26.50 |  1.55  1.99 |  1.17  1.08
write/into-reuse             cjson                1026294 |      1644787      2777815  -40.79 |      3555806      4552131  -21.89 |  2.16  1.64 |  0.74  0.47
write/into-reuse             cjson                5131466 |      9635639     14234362  -32.31 |     17731978     22777214  -22.15 |  1.84  1.60 |  0.75  0.47
write/minify                 cjson                  57683 |       145576       164320  -11.41 |       222043       288565  -23.05 |  1.53  1.76 |  0.77  0.46
write/minify                 cjson                 631659 |      1579375      2021590  -21.87 |      2279918      3163002  -27.92 |  1.45  1.56 |  1.38  1.29
write/minify                 cjson                1026294 |      2420855      2880034  -15.94 |      3557861      4618231  -22.96 |  1.47  1.60 |  0.90  0.56
write/minify                 cjson                5131466 |      8445279     10753966  -21.47 |     17760751     23092967  -23.09 |  2.10  2.15 |  0.83  0.52
write/pretty4                cjson                  57683 |       181307       217002  -16.45 |       269931       386263  -30.12 |  1.49  1.78 |  0.56  0.43
write/pretty4                cjson                 631659 |      2147475      2727526  -21.27 |      2789602      4412175  -36.77 |  1.30  1.62 |  1.49  1.29
write/pretty4                cjson                1026294 |      2905023      3785021  -23.25 |      4310163      6187048  -30.34 |  1.49  1.63 |  0.62  0.51
write/pretty4                cjson                5131466 |     10849802     18136781  -40.18 |     21544084     30849783  -30.16 |  1.99  1.70 |  0.58  0.49

ab: A = working tree, B = HEAD worktree. negative dC%/dI% = A is faster/leaner.
=== AB minify_bench ===

op                           impl                    size |        cyc A        cyc B     dC% |        ins A        ins B     dI% | IPC A IPC B |  bmA%  bmB%
-------------------------------------------------------------------------------------------------------------------------------------------------------------
minify/into-reuse            cjson                  57683 |       129761            -  A-only |       334444            -         |
minify/into-reuse            cjson                 631659 |      2873699            -  A-only |      4945195            -         |
minify/into-reuse            cjson                5131466 |     14854952            -  A-only |     31938146            -         |
minify/into-reuse            cjson               26141344 |     77367576            -  A-only |    146036365            -         |
minify/into-reuse            cjson-pretty4         767472 |      3040905            -  A-only |      5254822            -         |
minify/owning                cjson                  57683 |       116670            -  A-only |       336753            -         |
minify/owning                cjson                 631659 |      2925838            -  A-only |      4951547            -         |
minify/owning                cjson                5131466 |     15660101            -  A-only |     32043008            -         |
minify/owning                cjson               26141344 |     76406171            -  A-only |    146762096            -         |
minify/owning                cjson-pretty4         767472 |      3082491            -  A-only |      5275363            -         |
minify/scratch               cjson                  57683 |       118045            -  A-only |       334509            -         |
minify/scratch               cjson                 631659 |      2910554            -  A-only |      4935277            -         |
minify/scratch               cjson                5131466 |     18833632            -  A-only |     31945721            -         |
minify/scratch               cjson               26141344 |     69027685            -  A-only |    145886880            -         |
minify/scratch               cjson-pretty4         767472 |      3037632            -  A-only |      5259590            -         |

ab: A = working tree, B = HEAD worktree. negative dC%/dI% = A is faster/leaner.
=== AB parse_bench ===

op                           impl                    size |        cyc A        cyc B     dC% |        ins A        ins B     dI% | IPC A IPC B |  bmA%  bmB%
-------------------------------------------------------------------------------------------------------------------------------------------------------------
parse/owning                 cjson-scalar             628 |         1552         1579   -1.73 |         3947         3807   +3.69 |  2.54  2.41 |  0.00  0.00
parse/owning                 cjson-scalar           57683 |       128944       116223  +10.95 |       353520       323413   +9.31 |  2.74  2.78 |  0.96  1.10
parse/owning                 cjson-scalar          255152 |       595678       578876   +2.90 |      1465367      1342667   +9.14 |  2.46  2.32 |  1.39  1.27
parse/owning                 cjson-scalar          631659 |      1868868      2160590  -13.50 |      3937252      4277968   -7.96 |  2.10  1.98 |  2.30  2.31
parse/owning                 cjson-scalar         1026294 |      2672383      2567489   +4.09 |      5879242      5389821   +9.08 |  2.20  2.10 |  1.59  1.41
parse/owning                 cjson-scalar         5131466 |     14257583     14102073   +1.10 |     29347168     26831686   +9.38 |  2.06  1.90 |  1.64  1.47
parse/owning                 cjson-scalar        26141344 |     88057716     86305784   +2.03 |    170831970    157440801   +8.51 |  1.94  1.82 |  3.17  2.34
parse/scratch                cjson-scalar             628 |         1467         1451   +1.11 |         3717         3594   +3.44 |  2.53  2.48 |  0.01  0.00
parse/scratch                cjson-scalar           57683 |       137389       114182  +20.32 |       353287       323080   +9.35 |  2.57  2.83 |  1.01  1.09
parse/scratch                cjson-scalar          255152 |       557939       537218   +3.86 |      1461800      1343044   +8.84 |  2.62  2.50 |  1.36  1.23
parse/scratch                cjson-scalar          631659 |      1843627      2061376  -10.56 |      3930973      4287661   -8.32 |  2.13  2.08 |  2.23  2.27
parse/scratch                cjson-scalar         1026294 |      2742366      2516332   +8.98 |      5879901      5385343   +9.18 |  2.14  2.14 |  1.54  1.39
parse/scratch                cjson-scalar         5131466 |     13660802     13599601   +0.45 |     29352791     26883073   +9.19 |  2.15  1.97 |  1.57  1.43
parse/scratch                cjson-scalar        26141344 |     86124974     89904744   -4.20 |    170577929    157230336   +8.49 |  1.98  1.75 |  3.09  2.36
stage1                       cjson-scalar             628 |          725          840  -13.71 |         1939         2029   -4.41 |  2.68  2.42 |  0.00  0.00
stage1                       cjson-scalar           57683 |        54357        65891  -17.51 |       134780       151515  -11.05 |  2.48  2.30 |  0.42  1.79
stage1                       cjson-scalar          255152 |       217602       285755  -23.85 |       576457       655747  -12.09 |  2.65  2.30 |  2.42  1.89
stage1                       cjson-scalar          631659 |       683571      1022052  -33.12 |      1661407      2349287  -29.28 |  2.43  2.30 |  3.46  2.29
stage1                       cjson-scalar         1026294 |       974662      1251866  -22.14 |      2317854      2632750  -11.96 |  2.38  2.10 |  3.99  2.21
stage1                       cjson-scalar         5131466 |      4827184      6923767  -30.28 |     11585437     13153682  -11.92 |  2.40  1.90 |  4.78  2.43
stage1                       cjson-scalar        26141344 |     31323642     38466201  -18.57 |     66480650     73949276  -10.10 |  2.12  1.92 |  9.13  2.65
stage2/build-numeric         cjson-scalar         1048475 |      9791703     10429275   -6.11 |     22630929     26587928  -14.88 |  2.31  2.55 |  2.85  2.01
stage2/copy+build            cjson-scalar          631659 |       859970       901236   -4.58 |      2150862      1929214  +11.49 |  2.50  2.14 |  1.14  1.29
stage2/copy+build            cjson-scalar         5131466 |      6576562      5817227  +13.05 |     16614271     13732895  +20.98 |  2.53  2.36 |  0.77  0.78
stage2/poolcopy              cjson-scalar          631659 |        71896        71719   +0.25 |        64355        64281   +0.12 |  0.89  0.90 |  0.11  0.11
stage2/poolcopy              cjson-scalar         5131466 |       960108      1080047  -11.10 |       470453       474661   -0.89 |  0.49  0.44 |  0.04  0.05
validate                     cjson-scalar             628 |         1163         1211   -3.96 |         3094         2934   +5.45 |  2.66  2.42 |  0.00  0.00
validate                     cjson-scalar           57683 |       121400       103125  +17.72 |       300995       267526  +12.51 |  2.48  2.59 |  1.65  1.19
validate                     cjson-scalar          255152 |       553254       453111  +22.10 |      1254888      1119184  +12.13 |  2.27  2.47 |  2.08  1.32
validate                     cjson-scalar          631659 |      1633824      1749590   -6.62 |      3570913      3634332   -1.75 |  2.19  2.08 |  2.60  2.61
validate                     cjson-scalar         1026294 |      2201471      1957888  +12.44 |      5038017      4485953  +12.31 |  2.29  2.29 |  2.20  1.47
validate                     cjson-scalar         5131466 |     11234984     10786447   +4.16 |     25166363     22416672  +12.27 |  2.24  2.08 |  2.28  1.56
validate                     cjson-scalar        26141344 |     73591235     66890641  +10.02 |    154869301    135928454  +13.93 |  2.11  2.03 |  2.87  2.12

ab: A = working tree, B = HEAD worktree. negative dC%/dI% = A is faster/leaner.

## final parse verification (5 rounds, all fixes in; parse/stage1/stage2 rows definitive)
-------------------------------------------------------------------------------------------------------------------------------------------------------------
parse/owning                 cjson-scalar             628 |         1389         1569  -11.48 |         3704         3800   -2.53 |  2.67  2.42 |  0.00  0.01
parse/owning                 cjson-scalar           57683 |        93967       114187  -17.71 |       308157       323148   -4.64 |  3.28  2.83 |  0.56  1.09
parse/owning                 cjson-scalar          255152 |       449306       522543  -14.02 |      1282652      1343418   -4.52 |  2.85  2.57 |  1.06  1.25
parse/owning                 cjson-scalar          631659 |      1686515      2030423  -16.94 |      3627902      4284193  -15.32 |  2.15  2.11 |  2.26  2.27
parse/owning                 cjson-scalar         1026294 |      2178168      2462429  -11.54 |      5140500      5386729   -4.57 |  2.36  2.19 |  1.27  1.38
parse/owning                 cjson-scalar         5131466 |     12305710     14188300  -13.27 |     25664826     26843881   -4.39 |  2.09  1.89 |  1.32  1.43
parse/owning                 cjson-scalar        26141344 |     76774734     84650439   -9.30 |    147018718    157449817   -6.63 |  1.92  1.86 |  3.34  2.32
parse/scratch                cjson-scalar             628 |         1290         1456  -11.41 |         3470         3591   -3.38 |  2.69  2.47 |  0.00  0.00
parse/scratch                cjson-scalar           57683 |        94889       114879  -17.40 |       307628       322809   -4.70 |  3.24  2.81 |  0.56  1.09
parse/scratch                cjson-scalar          255152 |       442154       520955  -15.13 |      1282248      1343202   -4.54 |  2.90  2.58 |  1.00  1.23
parse/scratch                cjson-scalar          631659 |      1641843      2000886  -17.94 |      3631553      4275725  -15.07 |  2.21  2.14 |  2.15  2.23
parse/scratch                cjson-scalar         1026294 |      2077190      2368089  -12.28 |      5151430      5391494   -4.45 |  2.48  2.27 |  1.20  1.35
parse/scratch                cjson-scalar         5131466 |     11935623     13620583  -12.37 |     25700090     26843177   -4.26 |  2.15  1.97 |  1.24  1.40
parse/scratch                cjson-scalar        26141344 |     74284647     82038106   -9.45 |    147092160    157513163   -6.62 |  1.98  1.92 |  3.28  2.29
stage1                       cjson-scalar             628 |          694          847  -18.01 |         1939         2029   -4.41 |  2.79  2.40 |  0.00  0.00
stage1                       cjson-scalar           57683 |        48170        64585  -25.41 |       134857       151019  -10.70 |  2.80  2.34 |  0.51  1.79
stage1                       cjson-scalar          255152 |       212350       284175  -25.27 |       575914       657179  -12.37 |  2.71  2.31 |  2.46  1.88
stage1                       cjson-scalar          631659 |       644421       984661  -34.55 |      1659221      2348214  -29.34 |  2.57  2.39 |  3.16  2.27
stage1                       cjson-scalar         1026294 |       884439      1179358  -25.01 |      2317230      2629967  -11.89 |  2.62  2.23 |  4.02  2.18
stage1                       cjson-scalar         5131466 |      4644746      6408381  -27.52 |     11565573     13112625  -11.80 |  2.49  2.05 |  4.79  2.36
stage1                       cjson-scalar        26141344 |     29448968     36910656  -20.22 |     66362740     73834270  -10.12 |  2.26  2.00 |  8.87  2.62
stage2/build-numeric         cjson-scalar         1048475 |      8823459      9983731  -11.62 |     22714827     26556724  -14.47 |  2.57  2.66 |  2.69  2.01
stage2/copy+build            cjson-scalar          631659 |       631804       711649  -11.22 |      1856266      1928809   -3.76 |  2.94  2.71 |  1.12  1.22
stage2/copy+build            cjson-scalar         5131466 |      5377961      6361717  -15.46 |     12965068     13741308   -5.65 |  2.41  2.16 |  0.31  0.78
stage2/poolcopy              cjson-scalar          631659 |        57408        71133  -19.29 |        64254        64135   +0.19 |  1.12  0.90 |  0.10  0.11
stage2/poolcopy              cjson-scalar         5131466 |      1121866       992696  +13.01 |       471855       474675   -0.59 |  0.42  0.47 |  0.03  0.03
validate                     cjson-scalar             628 |         1136         1211   -6.26 |         3095         2936   +5.41 |  2.72  2.42 |  0.00  0.00
validate                     cjson-scalar           57683 |       115169        99562  +15.68 |       290394       267229   +8.67 |  2.52  2.68 |  1.95  1.18
validate                     cjson-scalar          255152 |       521715       440730  +18.38 |      1209682      1119453   +8.06 |  2.32  2.54 |  2.22  1.31
validate                     cjson-scalar          631659 |      1564923      1670921   -6.34 |      3469337      3625898   -4.32 |  2.22  2.17 |  2.67  2.57
validate                     cjson-scalar         1026294 |      2043336      1807230  +13.06 |      4860070      4482581   +8.42 |  2.38  2.48 |  2.41  1.44
validate                     cjson-scalar         5131466 |     10810690     10258814   +5.38 |     24323295     22410338   +8.54 |  2.25  2.19 |  2.55  1.52
validate                     cjson-scalar        26141344 |     69472001     65000148   +6.88 |    150760202    135847980  +10.98 |  2.17  2.09 |  2.96  2.09

ab: A = working tree, B = HEAD worktree. negative dC%/dI% = A is faster/leaner.
